ZIP

Error: 5.28%
[0.86723357558397574, 0.92771910574681116, 0.94321766561514198, 0.96584830621259721, 0.97682073789603618, 0.97928953504320393, 0.98230695386038214, 0.98436428473460436, 0.98450144013166918, 0.98655877108764234, 0.99369085173501581, 0.98875325744068032, 0.99177067617610748, 0.99506240570566451, 0.99739404745576743, 0.99506240570566451, 0.99876560142641613, 0.99794266904402684, 0.99766835824989708, 0.9986284460293513, 0.99602249356686967, 0.99355369633795088, 0.99849129063228637, 0.99958853380880541, 0.99753120285283225, 0.99958853380880541, 0.99958853380880541, 0.99958853380880541, 0.99945137841174048, 0.99986284460293517, 0.99972568920587024, 0.99972568920587024, 0.99931422301467565, 0.99945137841174048, 0.99958853380880541, 0.99849129063228637, 0.99986284460293517, 0.99917706761761071, 0.99561102729392403, 0.99698258126457273]
[0.82311908513916388, 0.88639760341107343, 0.89636273379936471, 0.92227205068363027, 0.92974589698992982, 0.93821624861348019, 0.934728453274562, 0.93622321422027599, 0.93971100955919418, 0.93721973141687809, 0.94220228770151027, 0.94618834460856727, 0.95067263932506063, 0.94867962275088336, 0.9501743896362731, 0.94718484992581808, 0.95067265120441191, 0.95166915652166273, 0.94967613400780981, 0.9501743896362731, 0.94718485586549372, 0.94120577644458381, 0.95067264526473627, 0.95166916246133837, 0.95515695780025645, 0.95914300282796228, 0.95665171874597055, 0.95615346311750726, 0.95665171874597055, 0.95515695186058092, 0.95615346311750726, 0.95615346311750726, 0.95565520748904409, 0.95565520748904409, 0.95465869029244199, 0.95117090683287508, 0.95565520748904409, 0.95166916246133837, 0.93721972547720245, 0.94718484992581808]

MNIST

Error: 1.04%
[0.95656666666666668, 0.97540000000000004, 0.98011666666666664, 0.98399999999999999, 0.98540000000000005, 0.9866166666666667, 0.98928333333333329, 0.98648333333333338, 0.99219999999999997, 0.99129999999999996, 0.99329999999999996, 0.99114999999999998, 0.99490000000000001, 0.9956666666666667, 0.99441666666666662, 0.99629999999999996, 0.99704999999999999, 0.99619999999999997, 0.99678333333333335, 0.99629999999999996, 0.99568333333333336, 0.99750000000000005, 0.9972833333333333, 0.99691666666666667, 0.99543333333333328, 0.99880000000000002, 0.99791666666666667, 0.99760000000000004, 0.99721666666666664, 0.99953333333333338, 0.9982833333333333, 0.99775000000000003, 0.99791666666666667, 0.99851666666666672, 0.99895, 0.99803333333333333, 0.99829999999999997, 0.9987166666666667, 0.99943333333333328, 0.99868333333333337, 0.99865000000000004, 0.99923333333333331, 0.99851666666666672, 0.99943333333333328, 0.99934999999999996, 0.99818333333333331, 0.99924999999999997, 0.99843333333333328, 0.9997166666666667, 0.99978333333333336, 0.99981666666666669, 0.99911666666666665, 0.99826666666666664, 0.99931666666666663, 0.99996666666666667, 0.99895, 0.99956666666666671, 0.99734999999999996, 0.99951666666666672, 0.99895, 0.9996666666666667, 0.99953333333333338, 0.99853333333333338, 0.99918333333333331, 0.99960000000000004, 0.99973333333333336, 0.99973333333333336, 0.99921666666666664, 0.9997166666666667, 0.99883333333333335]
[0.95819999933242794, 0.97720000624656678, 0.98290000915527342, 0.98540000915527348, 0.98670000672340397, 0.98630000710487364, 0.98820001006126401, 0.98460000872611997, 0.98830000877380375, 0.98830000877380375, 0.98990000844001769, 0.98470000982284545, 0.99030000805854801, 0.99070000886917109, 0.98960000872611997, 0.99110000848770141, 0.99100000739097593, 0.99060000777244572, 0.98970000863075258, 0.98860000967979433, 0.98940000891685487, 0.99170000791549684, 0.98900000929832454, 0.98990000844001769, 0.98870000600814822, 0.9918000054359436, 0.99030000686645503, 0.99070000767707822, 0.98960000872611997, 0.99170000791549684, 0.98930000901222226, 0.98930000901222226, 0.98990000724792482, 0.99020000696182253, 0.98860000967979433, 0.99010000944137577, 0.98960000872611997, 0.99000000715255743, 0.99200000762939455, 0.99010000824928279, 0.9900000083446503, 0.99050000905990598, 0.98960000872611997, 0.99170000672340397, 0.99110000848770141, 0.98910000801086428, 0.9910000085830688, 0.98820000886917114, 0.99100000739097593, 0.99120000720024104, 0.99220000743865966, 0.99090000748634344, 0.99010000944137577, 0.99160000801086423, 0.99270000696182248, 0.99010000824928279, 0.99140000581741328, 0.98830001115798949, 0.99090000748634344, 0.98880000829696657, 0.99080000758171083, 0.99100000739097593, 0.98980000734329221, 0.9900000083446503, 0.99160000801086423, 0.99120000720024104, 0.99040000796318051, 0.99100000739097593, 0.99070000767707822, 0.9896000075340271]

CIFAR10

Error: 31.88%
[0.51058000000000003, 0.58716000000000002, 0.60760000000000003, 0.66366000000000003, 0.67325999999999997, 0.70030000000000003, 0.74383999999999995, 0.76205999999999996, 0.77088000000000001, 0.78354000000000001, 0.80220000000000002, 0.82355999999999996, 0.83208000000000004, 0.86236000000000002, 0.86887999999999999, 0.89019999999999999, 0.90573999999999999, 0.91934000000000005, 0.92478000000000005, 0.93725999999999998, 0.90658000000000005, 0.93606, 0.94996000000000003, 0.96084000000000003, 0.96104000000000001, 0.95755999999999997, 0.96989999999999998, 0.97558, 0.98431999999999997, 0.96565999999999996]
[0.50599999904632564, 0.57279999911785129, 0.5868000024557114, 0.63449999332427975, 0.6332999992370606, 0.65419999957084651, 0.6756999981403351, 0.68320000171661377, 0.68169999718666074, 0.68069999814033511, 0.68589999914169308, 0.69180000424385069, 0.68769999742507937, 0.69459999680519102, 0.68870000243186946, 0.69799999952316283, 0.69279999852180485, 0.69410000085830692, 0.6904999983310699, 0.69110000133514404, 0.67299999713897707, 0.68210000395774839, 0.69139999866485591, 0.67950000286102297, 0.683699996471405, 0.67670000433921818, 0.68130000114440914, 0.68060000061988835, 0.68319999694824218, 0.68119999527931219]
