CIFAR10 lenet5

6,16,120

Error: 38.77%
[0.40403191936608301, 0.46076078479145671, 0.48131037379788844, 0.51502969940422383, 0.53077938441231176, 0.5499790004128392, 0.56599868002639953, 0.56986860263867611, 0.57820843582413095, 0.57850842984213202, 0.60655786884619933, 0.60745785084655934, 0.62377752444235857, 0.62335753284576678, 0.63820723586958772, 0.64372712546106703, 0.63814723706956378, 0.6380272394480585, 0.65284694304683399, 0.66007679844614964, 0.67534649305583372, 0.66877662445320585, 0.68707625848913534, 0.67432651345542582, 0.69058618827265827, 0.69967600648702277, 0.69988600227637821, 0.70768584629022679, 0.70303593928836683, 0.71023579528051806]
[0.40747630026436904, 0.45847833831814117, 0.47383895370835205, 0.50438017412692893, 0.51698067578665141, 0.52874114714964349, 0.54692187671055958, 0.55472218879456858, 0.55280210845799171, 0.55442217779548664, 0.57686307226983524, 0.57020280720391336, 0.57812312218545792, 0.57950318036324888, 0.59006360177159467, 0.58958358040351511, 0.584603387854844, 0.5801032035559377, 0.5942637722102817, 0.59990399553754903, 0.60386415875059607, 0.59660386524895126, 0.60740429554954944, 0.59690387767860187, 0.60380415283130107, 0.60632425480839958, 0.60704428363816298, 0.60290411840348657, 0.60284411486608847, 0.60290411530630539]

16,32,120

Error: 35.31%
[0.413571728570793, 0.46655066899109054, 0.51652966941555234, 0.53323933522223621, 0.56827863443804005, 0.59497810042368637, 0.62791744166189556, 0.63634727305811511, 0.64468710625072245, 0.63712725746915577, 0.67765644686748638, 0.69298614026288963, 0.68656626868893134, 0.70147597047701415, 0.71905561888404601, 0.7306353872779493, 0.73285534290029453, 0.73702525950196252, 0.75049499010735043, 0.7691546169040856, 0.77479450410634154, 0.78973420532304606, 0.79384412311396146, 0.77617447650689353, 0.8121137577319979, 0.81043379132059734, 0.81994360112440123, 0.83524329514124973, 0.82093358131406857, 0.84313313734440565]
[0.41281651056829971, 0.46987879288435469, 0.50810032451365961, 0.52688107714566612, 0.55028201041495717, 0.57188287852663933, 0.59504380290367787, 0.6035041413529787, 0.60212408723084987, 0.59336373467813319, 0.62414496637801231, 0.63566542431384909, 0.62468499175557768, 0.63134524990469987, 0.63986559332196746, 0.64394575478320193, 0.64262570824698073, 0.63920556898093028, 0.64484579421800681, 0.65756630235168667, 0.65156606305737064, 0.65816632148871312, 0.65822632740800813, 0.63938557409974084, 0.66212648255590711, 0.65564622618521762, 0.65474619295192793, 0.65846634107120727, 0.65216608505553453, 0.65858634170129149]

32,64,256

Error: 34.40%
[0.45113097737687619, 0.52201955960701973, 0.56767864642528332, 0.61375772484907931, 0.62335753284219064, 0.67135657286139017, 0.69235615286263763, 0.72382552349310647, 0.73417531649009393, 0.74923501528538916, 0.77461450771699825, 0.78283434329882895, 0.80140397193486645, 0.8147537049115966, 0.83356332871912053, 0.86209275814126085, 0.86122277554806537, 0.85018299632576833, 0.90742185155939248, 0.92380152396594439, 0.92377152457666101, 0.92227155456533239, 0.94525109499598148, 0.95884082317280772, 0.96964060717712763, 0.94621107576775576, 0.96751064977627566, 0.96157076858462831, 0.9762704745905082, 0.97426051478970421]
[0.4559582388445379, 0.51824072904265195, 0.55322212843452623, 0.5892235723045941, 0.59516380818311043, 0.63290531439582631, 0.63842553661376877, 0.65900635953197295, 0.66098643899264342, 0.67088683271957417, 0.67700708099134288, 0.67076683280477434, 0.67646705847491484, 0.67370694832084821, 0.68672746912022253, 0.6869674813528529, 0.68096724062796821, 0.65972638955626128, 0.68462738402247725, 0.68402735987846042, 0.6802472094163079, 0.67394696078952243, 0.67898715807011645, 0.67544702055587869, 0.68396736111200884, 0.66356654307657137, 0.67676707018928106, 0.66512660542184476, 0.67424697155256053, 0.67154686016494536]
