### CIFAR10 - DENSE 300 ###

Error: 51.41%
[0.35162296754601352, 0.40016199676453507, 0.38852222955183269, 0.41126177476897496, 0.43874122518086078, 0.4502309953783043, 0.44513109738252271, 0.45686086277916815, 0.46928061438413604, 0.45818083639042473, 0.47987040259641844, 0.46484070318236009, 0.48683026340188451, 0.48995020100492059, 0.51166976660287977, 0.49517009660522043, 0.50353992921035651, 0.50386992261048846, 0.52315953680926386, 0.5191096178183725, 0.51856962861636835, 0.53029939401211978, 0.53422931542442031, 0.53980920381413555, 0.54616907661846759, 0.53491930162469636, 0.5401691966267963, 0.54928901421256315, 0.53869922599759867, 0.55108897821328318, 0.56362872743439196, 0.55417891641451911, 0.57220855582888341, 0.56086878260646644, 0.55927881442371152, 0.55216895662980814, 0.57331853364005603, 0.57403851922246296, 0.57154856903934803, 0.57160856783937208, 0.57634847303947989, 0.55789884202137141, 0.5646187076079664, 0.57169856602152702, 0.56689866201960704, 0.57115857682846338, 0.57730845384165197, 0.57994840101409828, 0.59032819343970744, 0.57859842804216799, 0.58594828101649832, 0.59908801825394009, 0.58672826541681022, 0.56863862723103165, 0.58825823481742223, 0.5856782864163903, 0.60673786524269513, 0.59473810523789528, 0.6072778544536398, 0.59281814362997487, 0.61972760544789107, 0.61276774465583572, 0.578898422024407, 0.61564768705698769, 0.61087778242647006, 0.60307793842335011, 0.61096778064438706, 0.61096778062650603, 0.61351772963825468, 0.61585768282846198, 0.61264774704505909, 0.6038279234236501, 0.62827743446203954, 0.62539749205373518, 0.62074758504829908, 0.61219775605560778, 0.62500749985357917, 0.61960760782996205, 0.61189776205548774, 0.616007679828522, 0.62443751123189395, 0.62746745065456322, 0.61705765885755171, 0.6304973900629276, 0.62716745666159557, 0.62956740865540317, 0.62134757304138666, 0.64093718125995103, 0.61495770085671175, 0.64942701144188975, 0.64183716327103968, 0.62941741165534315, 0.64513709725805479, 0.6468170636730316, 0.65467690645471832, 0.65530689384424168, 0.64537709245099839, 0.65755684885587029, 0.64879702405236639, 0.64684706306946749]
[0.35473419045480692, 0.39469578752394097, 0.38239529472102385, 0.40159606291626049, 0.42823712961750698, 0.43633745198531354, 0.42739709454983005, 0.44053762003852726, 0.44179767138829512, 0.43633745508607119, 0.4510380406525904, 0.43813752691728303, 0.45331813373385993, 0.45121805113603358, 0.47179887083545818, 0.46147845868058357, 0.46801872180387438, 0.46171846590979992, 0.47695907649624236, 0.47203887996733096, 0.46975879093814721, 0.47593903678541893, 0.48319932551969363, 0.48793951751990405, 0.48883955337828727, 0.47719908610377926, 0.47773910754728072, 0.48523940922947012, 0.48205928016821908, 0.48937957493981066, 0.49765991041615387, 0.4867394672040391, 0.50084003089399276, 0.49537981340082043, 0.48457938429117059, 0.48385935248224787, 0.49447977933064807, 0.49435977213782994, 0.48871954726197203, 0.49087963386928424, 0.49633985172009876, 0.4839793571679944, 0.47443897725868295, 0.48769950826643294, 0.48319932897451701, 0.47953917974328758, 0.48535941391164023, 0.49429977063183939, 0.49477978854151916, 0.48931957080872651, 0.49333973314586727, 0.49651985874871857, 0.48283931241378225, 0.47959918303748905, 0.49495979521249672, 0.48601943944720222, 0.503660143630553, 0.48673946744365937, 0.50054001822472194, 0.49531980998502062, 0.50468018524760916, 0.50030001135672408, 0.47695907780521274, 0.49837993519383145, 0.49741989639531259, 0.49207968203929614, 0.49183967099761411, 0.48871954726197203, 0.49411976169698679, 0.49201968160265563, 0.49087963172343119, 0.4879395190684947, 0.50288011448574743, 0.49807992288577918, 0.49027961044055163, 0.48649946117292397, 0.49477978937482542, 0.49075963025646424, 0.47701908014808597, 0.47941917589084737, 0.48877954996248746, 0.48979959074623741, 0.49129964955411265, 0.49411976288793524, 0.48745949853729775, 0.48511940489778937, 0.48619944897931722, 0.49039961655686687, 0.47845913852289718, 0.49447977825414513, 0.4931597264748897, 0.4828393112228338, 0.49357974037150726, 0.49219968791599106, 0.50168006631573547, 0.50114004260835909, 0.48733949266060278, 0.49699987784934674, 0.48811952526023178, 0.49393975657459982]



### CIFAR10 - DENSE 1000 ###

Error: 51.67%
[0.3550428991464874, 0.36959260815320133, 0.409461810768255, 0.4256314873756169, 0.45809083817966012, 0.45470090598724466, 0.46244075118855249, 0.47276054478552804, 0.47699046018900809, 0.46685066299568079, 0.49910001800500431, 0.47975040498832394, 0.51892962141651233, 0.51856962861636835, 0.52933941320994771, 0.53596928061259963, 0.5288294234097437, 0.52627947441766421, 0.55006899861823955, 0.55258894821924742, 0.5589488210343081, 0.55474890503262819, 0.55315893683199224, 0.56353872923614412, 0.56881862360964641, 0.56497870043493204, 0.57439851203869996, 0.58864822703367115, 0.59083818321845427, 0.57634847303411563, 0.59473810523789528, 0.59104817902926687, 0.5964180716314148, 0.60925781484727937, 0.60067798643311876, 0.61501769965673569, 0.61459770805656766, 0.61870762582960204, 0.61609767805716764, 0.61288774224515508, 0.6208975820412066, 0.62503749926074359, 0.60904781903646676, 0.63016739666279553, 0.64309713805008639, 0.65092698145321837, 0.63481730363604594, 0.64762704745189836, 0.65962680746742697, 0.65230695384304171, 0.65317693646484698, 0.64408711823975384, 0.66772664545993821, 0.65719685606645495, 0.6770564588743988, 0.65455690886182272, 0.67201655967238283, 0.67867642646431814, 0.68047639046503816, 0.67183656325085361, 0.68326633467330655, 0.67129657405063758, 0.68425631487727878, 0.704625907474698, 0.70543589127502193, 0.70381592366364532, 0.69835603288291859, 0.67753644927101453, 0.70528589427496191, 0.696766064671554, 0.71383572329983913, 0.70276594468468256, 0.72034559309886681, 0.71596568068996247, 0.70819583606539727, 0.71809563808008581, 0.70159596807348601, 0.7298254034955064, 0.71953560930211902, 0.72949541009537433, 0.73117537648531772, 0.74089518211066285, 0.72331553367144519, 0.74104517907853706, 0.74446511067990506, 0.739575208477949, 0.74338513230093028, 0.76687466248886882, 0.72637547248339773, 0.75403491931591882, 0.75478490428760914, 0.76165476689035705, 0.76663466729950147, 0.76234475310851413, 0.75625487490607812, 0.772844543112714, 0.75826483469615347, 0.78169436612698262, 0.75985480290751817, 0.7685246295109861]
[0.34921396835488633, 0.37051481819662113, 0.40165606633206025, 0.41437657649357124, 0.43711748434889863, 0.43771750801725146, 0.44701788165225109, 0.4503780154746706, 0.4493579750521392, 0.43705748081507695, 0.46963878506145229, 0.44989799720734863, 0.47935917295428809, 0.47341893552360481, 0.48781951092792475, 0.48925956799018916, 0.48007920249575942, 0.47485899258586922, 0.49423976912584883, 0.49207968454279133, 0.49003960262122565, 0.48673946541582824, 0.48835953094085754, 0.49195967639864502, 0.50096003784361431, 0.49267970737426148, 0.49321972762681449, 0.5116404648890347, 0.50690027586798359, 0.48757950274738016, 0.50210008164292175, 0.49639985442061418, 0.49867994809914618, 0.50576022777696994, 0.49501979826707793, 0.50966038507072209, 0.50180007135912419, 0.50078002902678365, 0.50096003355190821, 0.49531981260653779, 0.50012000384886379, 0.49951997720492813, 0.48049921913549248, 0.50174006615511357, 0.50918036275131429, 0.50792031664815707, 0.49129965134232351, 0.50570022495485623, 0.51068042454192519, 0.50090003716735354, 0.50306011900729553, 0.48745949817965556, 0.50090003478545664, 0.49969998649742287, 0.5025200984006768, 0.50408015942982687, 0.50720028364828595, 0.50222008775923699, 0.4962798489015614, 0.50342013735624114, 0.5009000325180053, 0.48979958990935474, 0.50054002144350151, 0.50588023282035866, 0.506420253788196, 0.50702027948080353, 0.50426016729890577, 0.48673946827696563, 0.49819992864087581, 0.49597983766285925, 0.50144005730188468, 0.49633985160207683, 0.50072002632626822, 0.501500055710694, 0.49297971801570123, 0.49579982884602858, 0.49033961063757187, 0.49387975244351573, 0.49507980287740255, 0.49117964343779746, 0.49747989480412191, 0.49231969141078913, 0.4871594845590565, 0.49675986883549589, 0.49759990163572149, 0.49285971404523904, 0.49573982817334428, 0.50066002577160584, 0.47821912617224482, 0.49339973548874055, 0.49651986017928723, 0.48991959352217473, 0.49627985032855371, 0.49861994396806208, 0.49339973608600296, 0.49453978071861676, 0.49195967878411828, 0.4966398630768229, 0.48193927786436941, 0.48619944671186582]



300 - 100

Error: 52.30%
[0.32228355433248962, 0.39260214796061704, 0.408261834767775, 0.4231115377656684, 0.45122097557691221, 0.46181076379187674, 0.47405051898783213, 0.47537049258836012, 0.47975040499190014, 0.47942041158819193, 0.50125997479871587, 0.50053998920915654, 0.50944981100377995, 0.49997000060892854, 0.53284934301313969, 0.52333953320754767, 0.53497930042472031, 0.53275934479522269, 0.5508789824203516, 0.55405891883056413, 0.53749925001499965, 0.56548869023513604, 0.5739485210385199, 0.56269874602507952, 0.56593868123710411, 0.56995860082798344, 0.58486830263394729, 0.57964840702470699, 0.58927821442855888, 0.59782804342125018, 0.60334793305027967, 0.5906581868469919, 0.60373792523434278, 0.61294774105590777, 0.60193796122289411, 0.62119757604847903, 0.61027779442623009, 0.61063778725319562, 0.62971740565188694, 0.63952720945938712, 0.64429711405056644, 0.64627707446923943, 0.62914741703377797, 0.64855702884154176, 0.63730725386922771, 0.6621767564469897, 0.65536689266572301, 0.66799664007792725, 0.65707685845567831, 0.66112677744656967, 0.66241675164708569, 0.67966640666829037, 0.6658066838591703, 0.68113637726530218, 0.65335693284346175, 0.68017639647564676, 0.66184676306831491, 0.67504649907359482, 0.68092638148309914, 0.67987640247195058, 0.692716145669934, 0.68233635327293451, 0.69589608207120601, 0.68296634067676276, 0.68491630167754269, 0.68797624047876671, 0.70351592968498255, 0.69544609109248323, 0.70291594167401394, 0.68851622967898274, 0.72361552770375104, 0.69250614988057868, 0.69820603587213004, 0.71158576827748188, 0.72742545147666537, 0.71794564108002579, 0.70876582469781113, 0.71689566207245348, 0.73405531890792697, 0.72004559907371346, 0.73012539747416916, 0.72826543469488236, 0.72043559128102186, 0.73894522109200189, 0.72442551150407508, 0.722175556503175, 0.73492530149039392, 0.74548509031249888, 0.73318533629685034, 0.73567528650142255, 0.7393952120886057, 0.7458150836947498, 0.75418491631597884, 0.72730545388376977, 0.75628487428820912, 0.72772544550181884, 0.71689566209033451, 0.74365512691176683, 0.74824503509572182, 0.75526489471641078]
[0.3191527650699057, 0.3888755537096541, 0.39211568511377848, 0.40981639235528683, 0.43279731172796032, 0.43801752056492399, 0.4491779673046587, 0.44833793474405337, 0.44803792338732923, 0.44797791901662487, 0.46303852245642563, 0.46351853798063208, 0.46477859063937027, 0.4527181094682447, 0.47929917060783839, 0.47485899508936441, 0.47587903384528324, 0.47707908070274835, 0.48565942217118313, 0.48631944830043111, 0.47269890955497879, 0.48619944564251572, 0.49627984866194119, 0.48259930363597525, 0.48739949440621361, 0.48757950644182385, 0.49465978457105697, 0.49105964268611485, 0.4911196421678507, 0.49999999928471567, 0.50642025748263975, 0.48835953260747006, 0.49381975510763287, 0.50120004816643549, 0.4858994347614557, 0.50156006258131713, 0.49603984286686986, 0.49561982253269316, 0.4983799363847799, 0.50276010991802278, 0.50102004042253134, 0.50294011480078959, 0.49531981081832688, 0.50522020406601709, 0.49537981602233755, 0.50858034182607692, 0.50126004621760267, 0.50528020867634171, 0.50222008990509004, 0.50306012199003125, 0.50822032800488126, 0.50342013664095686, 0.50168006726706371, 0.4977799085427429, 0.48799951950155873, 0.50036001226902871, 0.48865954634609104, 0.4941197634851977, 0.4952598102636645, 0.50090003728895194, 0.49993999610495971, 0.49027960853074243, 0.5016200639728623, 0.5012000474511511, 0.49165966241682735, 0.49453978023937623, 0.50108004169247811, 0.49279971158076746, 0.49159966436566016, 0.48031921115196813, 0.499579981690078, 0.48739949655206666, 0.4951998086360756, 0.49225968847065343, 0.48853954130270238, 0.50210008259424999, 0.49201968052972911, 0.48793951728028379, 0.49861994504098861, 0.48343933858205385, 0.49459978520734305, 0.48487939385968382, 0.48343933655779914, 0.49381975510763287, 0.48865954539476286, 0.48649945735688199, 0.49375974775776921, 0.49627984997091151, 0.49093963764272619, 0.48313932472183457, 0.49387975411012824, 0.48457938166607706, 0.48511940632835809, 0.47791911624608946, 0.49645985628424694, 0.48655946267891459, 0.48055922219007369, 0.48439937583198212, 0.48205928278615978, 0.48553941963128966]




lenet1

Error: 44.88%
[0.28682426351830592, 0.35324293513772098, 0.38177236455717922, 0.39941201176423508, 0.42386152277669703, 0.43412131758080091, 0.45095098098485065, 0.45482090357835214, 0.46448071039115657, 0.4760604787957885, 0.48038039239662239, 0.47909041818805997, 0.49541009180710455, 0.4998200036070804, 0.50296994060834044, 0.51004979901117231, 0.50461990760005981, 0.50245995079919592, 0.51040979180237578, 0.51241975160317976, 0.51424971500391181, 0.52570948580670762, 0.51421971561462843, 0.53029939401033166, 0.52054958900643178, 0.53464930702280022, 0.53167936641088365, 0.53056938861938019, 0.53701925961301955, 0.53398932022432433, 0.53530929381233561, 0.5293094138188762, 0.54277914442605213, 0.54334913301555154, 0.54817903642821209, 0.54427911442844024, 0.54724905501889964, 0.55090898181678738, 0.55354892901963149, 0.55255894881923551, 0.55363892722860797, 0.55621887562069949, 0.54523909522703617, 0.55621887562069949, 0.56101877963155988, 0.55876882461993127, 0.55663886722980793, 0.5594588108345121, 0.55972880543104397, 0.56239875202317136, 0.56206875863376804, 0.56368872623083977, 0.56119877602090329, 0.55621887563142802, 0.56515869683321585, 0.56149877002459947, 0.565188696235016, 0.57037859242636335, 0.54979900401813153, 0.57073858522650733, 0.56542869142438335, 0.57430851383866388, 0.57205855883776391, 0.57229855402713137, 0.55648887023332416, 0.5737085258294834, 0.57052858942642337, 0.57310853783818394, 0.57520849583723577, 0.56923861522590735, 0.57886842264048788, 0.56971860562609933, 0.57979840403013128, 0.57886842264048788, 0.56707865842504335, 0.57625847483944392, 0.57037859243888001, 0.5853182936305511, 0.5765584688270472, 0.57289854203809998, 0.58621827564163975, 0.58174836503985172, 0.58750824983500327, 0.58447831043200327, 0.58054838903043127, 0.58336833263155918, 0.58357832844058377, 0.58621827563448736, 0.58567828644499997, 0.58141837163077925, 0.57952840943896378, 0.58867822644441181, 0.58441831164270786, 0.57862842742966325, 0.58849823004255175, 0.58135837283254332, 0.58402831943182321, 0.59140817184371564, 0.59335813283555516, 0.57961840764078787]
[0.28243129522763538, 0.34831393487840001, 0.37807512352707778, 0.40117604663416961, 0.42265690505311482, 0.42805712067907803, 0.44533781283302037, 0.45385815303150839, 0.45991839657493044, 0.47281891018863947, 0.4764190574346378, 0.47761910488936532, 0.4866194639488613, 0.49471978738959432, 0.4959198381811234, 0.50108004109879212, 0.49345973806765764, 0.49471978667430999, 0.49963998474823562, 0.50522020669111067, 0.50450018036484245, 0.51134045138645756, 0.50066002434103707, 0.51308051920818365, 0.50582023190805414, 0.51962078006759949, 0.51410056404401938, 0.51548061757246211, 0.52070082462121503, 0.51596063881894338, 0.52010080202936515, 0.51146045964862585, 0.5255610208315078, 0.5244809766355345, 0.52898115902463172, 0.52730109199361186, 0.52868114230327501, 0.52958118042910951, 0.53126124781777162, 0.53072122708955449, 0.53162126008680022, 0.53504139887361013, 0.52652105486265655, 0.53504140101946318, 0.5400816049736602, 0.53408136007866769, 0.53426136961078263, 0.53726148591756273, 0.53678147087259676, 0.54080163034860018, 0.53840153413017466, 0.54254170115306199, 0.5396615818999444, 0.53654146209478981, 0.54074162907865342, 0.53852153547554327, 0.54248170095604176, 0.54512180833417112, 0.53300131862223343, 0.5480619213467498, 0.54284171274582993, 0.54956198027622338, 0.5484219361192737, 0.54692187862036878, 0.53582143338662469, 0.54446177457283917, 0.54440177628562814, 0.54680187095188659, 0.54878195053415535, 0.54536181400764405, 0.54932197018944595, 0.54722188926180859, 0.55232209007622424, 0.5526221019086125, 0.54158166187887902, 0.55118204854079178, 0.54482179089753002, 0.55340213474786171, 0.54872194807326025, 0.54380174963811601, 0.55694227691502418, 0.55070202609978558, 0.55466218478508278, 0.5579623190077444, 0.55244209809877232, 0.55202207847987994, 0.55496219757237553, 0.55550221782492859, 0.55574223113048549, 0.55574222946029661, 0.55190207701291294, 0.55604224081702069, 0.55208208225332189, 0.54950198246467652, 0.55736229557901185, 0.55190207689131465, 0.55358214535647965, 0.55886235379320115, 0.56150245902547746, 0.55052202157466101]



lenet5

Error: 42.28%
[0.40589188215878053, 0.45854082918878064, 0.48707025860019243, 0.51358972820543591, 0.53080938382305243, 0.54841903161936756, 0.56353872922541548, 0.56971860563861609, 0.58036839261426632, 0.58129837404324802, 0.60265794684463936, 0.60172796545141982, 0.62527749446083958, 0.62149757005217521, 0.63640727185456292, 0.63859722806616748, 0.64285714286071904, 0.64630707386209907, 0.66460670788014753, 0.65464690706543494, 0.67087658248265547, 0.66964660705355383, 0.68278634426953833, 0.68152636946903433, 0.66814663708156352, 0.69433611329203926, 0.69703605926450962, 0.70735585287936609, 0.70243595127739822, 0.7081958360904308, 0.71839563207305346, 0.71923561528411806, 0.71599568009355063, 0.72142557148499398, 0.72259554807473336, 0.71434571308931449, 0.74050518989262581, 0.74440511189418579, 0.73129537410682299, 0.73537529249057387, 0.74338513228304925, 0.75643487128826914, 0.74749505009542183, 0.75424491508739311, 0.75712485748854508, 0.77698446030721757, 0.77626447470692961, 0.78166436670908956, 0.7791744165080936, 0.78733425330062889, 0.77719445609657301, 0.79456410873213046, 0.78028439430496133, 0.79939401213406247, 0.79516409673237043, 0.78232435350935359, 0.80548389031861733, 0.80806383871964937, 0.81160376791033673, 0.8076438471087527, 0.81832363351302462, 0.80482390351835331, 0.81892362151326459, 0.82840343191705657, 0.81514369711175261, 0.83131337371822056, 0.80971380570958074, 0.80323393533559839, 0.84280314392281641, 0.83554328911991249, 0.84103317932210842, 0.84532309355243407, 0.84274314512279247, 0.84247315055129413, 0.84985300295424604, 0.84145317094373373, 0.85786284273956892, 0.84964300712555241, 0.86656266873232024, 0.85750284995730597, 0.84226315475121005, 0.86191276175906995, 0.85555288892791637, 0.84394312112327241, 0.86458270835298545, 0.8497930041470696, 0.8775424491367122, 0.85165296693708503, 0.88099238016670178, 0.87058258833392821, 0.88078238434873679, 0.87073258533398823, 0.88036239274856876, 0.88723225534058803, 0.87901241973730015, 0.87826243475845733, 0.88186236277062602, 0.89155216895304468, 0.8695626087335202, 0.89788204234484803]
[0.40789631726174425, 0.45721828911780282, 0.48241929517678678, 0.50912036207505351, 0.52058082065075284, 0.53036121398364311, 0.54854194211399054, 0.55022200986029479, 0.55556222004262712, 0.55784231169690435, 0.57440297680571772, 0.56972279096442258, 0.58556342092751168, 0.57722308966029978, 0.59204368385020589, 0.58694347946294489, 0.59198368365318565, 0.59294372447953569, 0.59918396765911375, 0.59270371081633655, 0.60368414480517663, 0.59966399260361514, 0.60434417320187606, 0.60356414083471455, 0.58604344598645852, 0.6056042245480675, 0.60014400920074817, 0.60578423538915283, 0.60524421049082788, 0.60188407428293511, 0.60620425012265311, 0.60452417951521142, 0.60008400256616878, 0.60380415354658545, 0.60014400562432635, 0.59846394073915954, 0.61154446293007891, 0.60566422546037202, 0.59402376092897946, 0.60014400633961074, 0.60476418960198886, 0.60572423066438263, 0.59576383173344127, 0.6002640110253572, 0.59864394776777929, 0.60638425929712592, 0.60926436889390478, 0.60914436635401126, 0.60512420437451275, 0.6094443773530932, 0.60794431901730572, 0.60338413643118827, 0.59636385516217383, 0.60524421120611227, 0.60134405462764451, 0.59936397802811148, 0.60668426671978604, 0.60068402885603878, 0.60608424186048482, 0.60266410688614058, 0.60374415048842778, 0.59846393954463473, 0.60458417923299113, 0.60026400840026373, 0.59930397425466952, 0.59894395971818948, 0.59750389967676576, 0.58676347005242824, 0.59498380151213281, 0.59192367844917504, 0.59396375953743441, 0.60002400117462373, 0.59114364847106315, 0.59252370330847626, 0.59654386242683743, 0.59060362690596335, 0.59174367356640833, 0.58610344761404742, 0.59114364799182273, 0.59024361141815518, 0.58106324294456613, 0.58802352044013861, 0.59036361467333298, 0.58682347644381083, 0.58862354601472422, 0.57590304002689741, 0.58832353787677971, 0.57908316706031737, 0.58448338149533219, 0.58190327789064478, 0.58178327463546697, 0.58178327344094205, 0.58070322817204223, 0.58172326800088758, 0.58454338526877414, 0.58220328817444233, 0.58280331303374355, 0.5808832387770837, 0.57752310256919093, 0.57908316515050817]

