### ZIP - DENSE 300 ###

Error: 6.13%
[0.90392923258234259, 0.94054721264259433, 0.95721045041422714, 0.96358773903796713, 0.97119934169923883, 0.9798395391894672, 0.98271960501954325, 0.98415963793458139, 0.98765686072824521, 0.99033120757045878, 0.99300555441267224, 0.99444558732771038, 0.99567990125488581, 0.99609133923061099, 0.99753137214564902, 0.99753137214564902, 0.99835424809709938, 0.99835424809709938, 0.99855996708496197, 0.99897140506068716, 0.99917712404854964, 0.99917712404854964, 0.99897140506068716, 0.99917712404854964, 0.99979428101213741, 0.99979428101213741, 0.99958856202427482, 0.99958856202427482, 0.99979428101213741, 0.99979428101213741, 0.99958856202427482, 0.99979428101213741, 0.99979428101213741, 0.99979428101213741, 0.99979428101213741, 0.99979428101213741, 0.99979428101213741, 0.99979428101213741, 0.99979428101213741, 0.99979428101213741, 0.99979428101213741, 0.99979428101213741, 0.99979428101213741, 0.99979428101213741, 0.99979428101213741, 0.99979428101213741, 0.99979428101213741, 0.99958856202427482, 0.99979428101213741, 0.99979428101213741, 0.99979428101213741, 0.99979428101213741, 0.99979428101213741, 0.99979428101213741, 0.99979428101213741, 0.99958856202427482, 0.99979428101213741, 0.99979428101213741, 0.99979428101213741, 0.99979428101213741, 0.99979428101213741, 0.99979428101213741, 0.99979428101213741, 0.99979428101213741, 0.99979428101213741, 0.99979428101213741, 0.99979428101213741, 0.99979428101213741, 0.99958856202427482, 0.99979428101213741, 0.99979428101213741, 0.99979428101213741, 0.99979428101213741, 0.99979428101213741, 0.99979428101213741, 0.99938284303641223, 0.99979428101213741, 0.99979428101213741, 0.99979428101213741, 0.99979428101213741, 0.99979428101213741, 0.99979428101213741, 0.99979428101213741, 0.99979428101213741, 0.99979428101213741, 0.99979428101213741, 0.99979428101213741, 0.99979428101213741, 1.0, 0.99979428101213741, 0.99979428101213741, 0.99979428101213741, 0.99979428101213741, 0.99979428101213741, 0.99979428101213741, 0.99979428101213741, 0.99979428101213741, 0.99979428101213741, 0.99979428101213741, 0.99979428101213741]
[0.89917694712862561, 0.9288065870112352, 0.941152259155556, 0.94609052605099153, 0.94609053095672357, 0.95308640905859043, 0.95843620800677642, 0.95596708020065058, 0.96008230187765364, 0.95967078037222719, 0.96049382485479973, 0.96255144096696332, 0.96255144587269537, 0.96090535200181815, 0.96255144096696332, 0.95925925813094093, 0.96255143606123117, 0.96460905217339477, 0.96378600278509008, 0.96502057932041307, 0.96255143606123117, 0.96625515585573607, 0.9658436336144498, 0.96255143606123117, 0.96419752993210839, 0.96502057932041307, 0.96460905707912681, 0.96419752993210839, 0.96543210156169934, 0.96584361889725356, 0.96502058422614523, 0.96460905707912681, 0.96584362380298572, 0.96707819052684452, 0.96584361889725356, 0.96584361889725356, 0.96502057932041307, 0.96502057932041307, 0.96460905707912681, 0.96584362380298572, 0.96625514604427198, 0.96666666828555825, 0.96666666337982621, 0.96666667319129029, 0.96707819543257667, 0.9654320966559673, 0.96707819052684452, 0.96419751521491215, 0.96707819543257667, 0.9679012497266134, 0.96584362870871776, 0.96666667319129029, 0.9679012399151492, 0.96790124482088125, 0.96707820033830871, 0.96707819543257667, 0.96707819543257667, 0.96584362870871776, 0.9679012497266134, 0.96707819052684452, 0.9679012497266134, 0.96666667809702245, 0.9679012399151492, 0.96831276706216762, 0.9679012497266134, 0.96748971276813078, 0.96872429420918593, 0.96748971767386294, 0.96460905707912681, 0.96707819543257667, 0.9691358164504722, 0.96831277196789967, 0.96543210156169934, 0.96707819052684452, 0.96790124482088125, 0.96748971276813078, 0.96872428439772174, 0.96666667809702245, 0.96748972257959498, 0.96790124482088125, 0.96913582135620435, 0.96790124482088125, 0.96954733869175858, 0.96707819052684452, 0.9691358164504722, 0.9679012399151492, 0.96872428930345389, 0.96748972257959498, 0.96748971276813078, 0.9679012399151492, 0.96872429420918593, 0.9679012399151492, 0.96748972257959498, 0.96584362870871776, 0.96707819052684452, 0.96872429911491797, 0.96707819543257667, 0.96625515095000403, 0.96543210156169934, 0.9691358164504722]



### ZIP - DENSE 1000 ###

Error: 5.88%
[0.93828430353086978, 0.96441061498941749, 0.97140506057674514, 0.98333676198313102, 0.9839539189467188, 0.99115408352190904, 0.9940341493519852, 0.9940341493519852, 0.99629705821847359, 0.99876568607282457, 0.99876568607282457, 0.99917712404854964, 0.99917712404854964, 0.99855996708496197, 0.99958856202427482, 0.99979428101213741, 0.99979428101213741, 0.99979428101213741, 0.99938284303641223, 0.99979428101213741, 0.99979428101213741, 0.99979428101213741, 0.99979428101213741, 0.99979428101213741, 0.99979428101213741, 0.99979428101213741, 0.99958856202427482, 0.99958856202427482, 0.99979428101213741, 0.99979428101213741, 0.99938284303641223, 0.99979428101213741, 0.99979428101213741, 0.99979428101213741, 0.99979428101213741, 0.99979428101213741, 0.99979428101213741, 0.99979428101213741, 0.99979428101213741, 0.99979428101213741, 0.99979428101213741, 0.99979428101213741, 0.99979428101213741, 0.99979428101213741, 0.99979428101213741, 0.99938284303641223, 0.99958856202427482, 0.99938284303641223, 0.99629705821847359, 0.99979428101213741, 0.99938284303641223, 0.99979428101213741, 0.99979428101213741, 0.99979428101213741, 0.99979428101213741, 0.99979428101213741, 0.99979428101213741, 0.99979428101213741, 0.99979428101213741, 0.99979428101213741, 0.99979428101213741, 0.99979428101213741, 0.99979428101213741, 0.99979428101213741, 0.99979428101213741, 0.99979428101213741, 0.99979428101213741, 0.99979428101213741, 0.99958856202427482, 0.99979428101213741, 0.99979428101213741, 0.99979428101213741, 0.99979428101213741, 0.99979428101213741, 0.99979428101213741, 0.99979428101213741, 0.99979428101213741, 0.99979428101213741, 0.99979428101213741, 0.99979428101213741, 0.99979428101213741, 0.99979428101213741, 0.99979428101213741, 1.0, 0.99979428101213741, 0.99979428101213741, 0.99979428101213741, 0.99979428101213741, 1.0, 1.0, 0.99979428101213741, 0.99979428101213741, 0.99979428101213741, 0.99979428101213741, 0.99979428101213741, 0.99979428101213741, 0.99979428101213741, 1.0, 0.99979428101213741, 0.99979428101213741]
[0.92716049387621779, 0.94362139260327371, 0.94814814289901483, 0.95308640979445025, 0.94814814706888706, 0.95514401609514965, 0.96008229770778142, 0.95802467668988578, 0.95925924831947673, 0.96172839157865864, 0.96255143115549913, 0.9654320966559673, 0.96748971767386294, 0.96625514604427198, 0.96213991872567695, 0.96255143115549913, 0.96419753483784054, 0.96502057932041307, 0.9621399236314091, 0.96502057441468103, 0.96502057932041307, 0.96707820524404076, 0.96625514604427198, 0.96502056460321683, 0.96543210156169934, 0.96748972257959498, 0.96460905217339477, 0.96502057441468103, 0.96543210646743149, 0.96625514604427198, 0.96296296320824959, 0.96460905707912681, 0.9654320966559673, 0.96543210646743149, 0.96584362380298572, 0.96707819052684452, 0.96625514604427198, 0.96584362380298572, 0.96625514604427198, 0.9654320966559673, 0.96584361889725356, 0.96625514604427198, 0.96625514604427198, 0.96625514604427198, 0.96666667319129029, 0.96543210156169934, 0.96707819543257667, 0.96584361889725356, 0.95925925322520877, 0.96337448544953586, 0.96419753483784054, 0.96502057441468103, 0.96748972748532702, 0.96625515095000403, 0.96666667319129029, 0.96707819543257667, 0.96666667319129029, 0.96707820524404076, 0.96666667809702245, 0.96625515585573607, 0.96748972257959498, 0.96748972257959498, 0.96748972748532702, 0.9679012497266134, 0.96831276215643547, 0.9679012497266134, 0.9679012497266134, 0.96790124482088125, 0.96543210156169934, 0.96543210646743149, 0.96790124482088125, 0.9679012399151492, 0.96707819543257667, 0.96831277196789967, 0.96707819543257667, 0.96666666828555825, 0.96790124482088125, 0.96625515095000403, 0.96666666828555825, 0.96748971767386294, 0.96625515095000403, 0.96748972257959498, 0.96748972257959498, 0.9679012497266134, 0.96748972257959498, 0.96831277196789967, 0.96748972257959498, 0.96748972257959498, 0.96872429420918593, 0.96831277196789967, 0.96831276706216762, 0.96872429420918593, 0.96872428930345389, 0.96872429911491797, 0.96707819543257667, 0.96790124482088125, 0.96831276706216762, 0.96872429911491797, 0.96831277687363171, 0.96831277196789967]



### ZIP - DENSE 300-100 ###

Error: 6.18%
[0.91647809106267253, 0.95001028583903691, 0.96441061498941749, 0.97263937450392068, 0.98189672895773672, 0.98868545566755817, 0.99074264554618396, 0.99218267846122199, 0.99650277720633618, 0.99835424809709938, 0.99814852910923679, 0.99814852910923679, 0.99876568607282457, 0.99547418226702322, 0.99876568607282457, 0.99917712404854964, 0.99938284303641223, 0.99958856202427482, 0.99897140506068716, 0.99979428101213741, 0.99958856202427482, 0.99979428101213741, 0.99979428101213741, 0.99979428101213741, 0.99938284303641223, 0.99979428101213741, 0.99979428101213741, 0.99958856202427482, 0.99979428101213741, 0.99979428101213741, 0.99917712404854964, 0.99979428101213741, 0.99958856202427482, 0.99979428101213741, 0.99979428101213741, 0.99979428101213741, 0.99979428101213741, 0.99979428101213741, 0.99938284303641223, 0.99979428101213741, 0.99979428101213741, 0.99979428101213741, 0.99979428101213741, 0.99979428101213741, 0.99979428101213741, 0.99876568607282457, 0.99938284303641223, 0.99711993416992384, 0.99979428101213741, 0.99979428101213741, 0.99979428101213741, 0.99958856202427482, 0.99979428101213741, 0.99979428101213741, 0.99979428101213741, 0.99979428101213741, 0.99979428101213741, 0.99979428101213741, 0.99979428101213741, 0.99979428101213741, 0.99979428101213741, 0.99979428101213741, 0.99979428101213741, 0.99979428101213741, 0.99979428101213741, 0.99979428101213741, 0.99979428101213741, 0.99979428101213741, 0.99979428101213741, 0.99979428101213741, 0.99979428101213741, 0.99979428101213741, 0.99979428101213741, 0.99979428101213741, 1.0, 0.99979428101213741, 0.99979428101213741, 0.99979428101213741, 0.99979428101213741, 0.99979428101213741, 0.99979428101213741, 0.99979428101213741, 1.0, 1.0, 0.99979428101213741, 0.99897140506068716, 0.99979428101213741, 0.99979428101213741, 1.0, 1.0, 0.99979428101213741, 0.99979428101213741, 0.99979428101213741, 0.99979428101213741, 0.99979428101213741, 0.99979428101213741, 0.99979428101213741, 1.0, 0.99979428101213741, 0.99979428101213741]
[0.91399177724932446, 0.9308641933119346, 0.94691357126942388, 0.95226336040614568, 0.9485596651403011, 0.95802468159561782, 0.95967077546649504, 0.96255143606123117, 0.96460904726766261, 0.96008230261351346, 0.96337448054380381, 0.96172838667292648, 0.96707818562111247, 0.96172839648439068, 0.96543210156169934, 0.96460904726766261, 0.96502057441468103, 0.96584362870871776, 0.96131686933737237, 0.96625514604427198, 0.96625514113853983, 0.96748971276813078, 0.96625514113853983, 0.96502057441468103, 0.96255144096696332, 0.96666666337982621, 0.96666666828555825, 0.96707819052684452, 0.9679012399151492, 0.96707818562111247, 0.96296296320824959, 0.96707818562111247, 0.96707819052684452, 0.96748971276813078, 0.96625514113853983, 0.96831275725070343, 0.96831275725070343, 0.96831275725070343, 0.96625514113853983, 0.96584362380298572, 0.96790123500941716, 0.96831275725070343, 0.96666666337982621, 0.96954733378602642, 0.96748970786239874, 0.96625513623280779, 0.96831276706216762, 0.96131686933737237, 0.96666667319129029, 0.96748970786239874, 0.96625514604427198, 0.96831276215643547, 0.96831275725070343, 0.96831276215643547, 0.96748970786239874, 0.96954733378602642, 0.97078190050988533, 0.96831275234497138, 0.97037037826859907, 0.96954732888029438, 0.9699588462158486, 0.96831275725070343, 0.96995885112158065, 0.97037037826859907, 0.97037037826859907, 0.96995885602731269, 0.97078190050988533, 0.97037037826859907, 0.96790123010368501, 0.97078190541561737, 0.97037037826859907, 0.96748971767386294, 0.96831276215643547, 0.96913581154474016, 0.96995885112158065, 0.97078190050988533, 0.97037037336286691, 0.96954732888029438, 0.96995885602731269, 0.97119342765690364, 0.96954732397456223, 0.97160494499245786, 0.9711934227511716, 0.97201647213947628, 0.97160494499245786, 0.96913580663900811, 0.97201647213947628, 0.97201647213947628, 0.9711934227511716, 0.97078190541561737, 0.97119342765690364, 0.97037037826859907, 0.96995885112158065, 0.97160494499245786, 0.97283951662204882, 0.9711934227511716, 0.97078190050988533, 0.97201647213947628, 0.97242799438076255, 0.97160494989819002]



### ZIP - LENET1 ###

Error: 6.43%
[0.4774737707677385, 0.76980045271665321, 0.85969965016736438, 0.89960913405794096, 0.92223822247758858, 0.92902694932228991, 0.94548446810606013, 0.95206747596289876, 0.95679901243850196, 0.9602962352321659, 0.96461633397727997, 0.96749639991771241, 0.97202221765068919, 0.96893643283275044, 0.97078790372351365, 0.97675375437152845, 0.97757663032297881, 0.97695947335939104, 0.9783995061640729, 0.98127957210450523, 0.98313104299526843, 0.98271960501954325, 0.98436535692244398, 0.98333676198313102, 0.97469656449290265, 0.98703970376465744, 0.98354248097099362, 0.98765686072824521, 0.98847973667969558, 0.99012548858259619, 0.98333676198313102, 0.98909689364328324, 0.99218267846122199, 0.98909689364328324, 0.98930261263114583, 0.98806829870397039, 0.99135980250977163, 0.99094836453404644, 0.99033120757045878, 0.99279983542480976, 0.99053692655832137, 0.99423986833984779, 0.99423986833984779, 0.99465130631557297, 0.99033120757045878, 0.99362271137626001, 0.99300555441267224, 0.98950833150865214, 0.99423986833984779, 0.99526846327916063, 0.99629705821847359, 0.99650277720633618, 0.99609133923061099, 0.99567990125488581, 0.99567990125488581, 0.99835424809709938, 0.99773709113351161, 0.99650277720633618, 0.99629705821847359, 0.99650277720633618, 0.99588562013239212, 0.99897140506068716, 0.99814852910923679, 0.99855996708496197, 0.99753137214564902, 0.99753137214564902, 0.99876568607282457, 0.99855996708496197, 0.99917712404854964, 0.99773709113351161, 0.99897140506068716, 0.99917712404854964, 0.99814852910923679, 0.99855996708496197, 0.99814852910923679, 0.99917712404854964, 0.99855996708496197, 0.99835424809709938, 0.99814852910923679, 0.99094836466892633, 0.99773709113351161, 0.99855996708496197, 0.99753137214564902, 0.99897140506068716, 0.99938284303641223, 0.99855996708496197, 0.99958856202427482, 0.99938284303641223, 0.99979428101213741, 0.99855996708496197, 0.99897140506068716, 0.99938284303641223, 0.99958856202427482, 0.99938284303641223, 0.99814852910923679, 0.99938284303641223, 0.99958856202427482, 0.99979428101213741, 0.99979428101213741, 0.99876568607282457]
[0.48065844067820795, 0.76460905084884712, 0.85390947115274118, 0.88930040352629047, 0.91069958950757002, 0.91934156148031421, 0.9283950606000767, 0.93539094851340776, 0.941152259155556, 0.94444444272743822, 0.94485595932713262, 0.94609052678685135, 0.95473250366532758, 0.95144032082930519, 0.95144031592357303, 0.95473249875959543, 0.95637859680034498, 0.95925924831947673, 0.95967077546649504, 0.96090534709608599, 0.95761315935433156, 0.96131686933737237, 0.96049381504333564, 0.95884772607819047, 0.96008229770778142, 0.96172839157865864, 0.96049382976053188, 0.96255144096696332, 0.9654320966559673, 0.96748971276813078, 0.9621399138199449, 0.96337448544953586, 0.96790123500941716, 0.96296295830251744, 0.96172838667292648, 0.9679012399151492, 0.96707819543257667, 0.96419752993210839, 0.96625514604427198, 0.96913580173327596, 0.96954732397456223, 0.96625515095000403, 0.96995885112158065, 0.96872428930345389, 0.96790124482088125, 0.9679012399151492, 0.9679012399151492, 0.96502057932041307, 0.96831276215643547, 0.96995885602731269, 0.96995885112158065, 0.97037037826859907, 0.9699588462158486, 0.97037038317433111, 0.96707819543257667, 0.96913580663900811, 0.96831276215643547, 0.96831275725070343, 0.97078189560415318, 0.9679012399151492, 0.96625515095000403, 0.97078189560415318, 0.97201646723374413, 0.9711934227511716, 0.96831276215643547, 0.96707819543257667, 0.97078189560415318, 0.96831276215643547, 0.96872428439772174, 0.96707820033830871, 0.97037037336286691, 0.96954732888029438, 0.96707819543257667, 0.96995885112158065, 0.96995885602731269, 0.97283951662204882, 0.96707819052684452, 0.97037037826859907, 0.97037037336286691, 0.96049382485479973, 0.96666667319129029, 0.96707819543257667, 0.96748971767386294, 0.96913581154474016, 0.97242799438076255, 0.96995885112158065, 0.97078190050988533, 0.97160495480392206, 0.97078189560415318, 0.96831276706216762, 0.96954733378602642, 0.96913580663900811, 0.97037037826859907, 0.96995885112158065, 0.96666667319129029, 0.97119342765690364, 0.96872427949198969, 0.96954733869175858, 0.96995885112158065, 0.96707819052684452]



### ZIP - LENET5 ###

Error: 4.73%
[0.82267023237662362, 0.90207776191229194, 0.93560995668865632, 0.94301584049694531, 0.96420489611191118, 0.96687924284376836, 0.9718164986628266, 0.98107385311664264, 0.98683398477679485, 0.98313104299526843, 0.98930261263114583, 0.9860111088253446, 0.98889117465542065, 0.99279983542480976, 0.99691421518206136, 0.99773709113351161, 0.99691421518206136, 0.99670849619419877, 0.99711993416992384, 0.99897140506068716, 0.99670849619419877, 0.99650277720633618, 0.99876568607282457, 0.99670849619419877, 0.99876568607282457, 0.99855996708496197, 0.98806829870397039, 0.99567990125488581, 0.99938284303641223, 0.99938284303641223, 0.99958856202427482, 0.99917712404854964, 0.99958856202427482, 0.99979428101213741, 0.99958856202427482, 0.99938284303641223, 0.99897140506068716, 0.99958856202427482, 0.99938284303641223, 0.99979428101213741, 0.99958856202427482, 0.99979428101213741, 0.99958856202427482, 0.99979428101213741, 0.99979428101213741, 0.99958856202427482, 0.99979428101213741, 0.99979428101213741, 0.99979428101213741, 0.99979428101213741, 0.99958856202427482, 0.99979428101213741, 0.99938284303641223, 0.99979428101213741, 0.99855996708496197, 0.99773709113351161, 0.99835424809709938, 0.99897140506068716, 0.99897140506068716, 0.9979428101213742, 0.99897140506068716, 0.99958856202427482, 0.99958856202427482, 0.99979428101213741, 0.99979428101213741, 0.99979428101213741, 0.99979428101213741, 0.99979428101213741, 0.99979428101213741, 0.99979428101213741, 0.99958856202427482, 0.99958856202427482, 0.99979428101213741, 0.99979428101213741, 0.99979428101213741, 0.99979428101213741, 0.99979428101213741, 0.99979428101213741, 0.99979428101213741, 0.99979428101213741, 0.99979428101213741, 0.99979428101213741, 0.99979428101213741, 0.99979428101213741, 0.99979428101213741, 0.99979428101213741, 0.99979428101213741, 0.99979428101213741, 0.99979428101213741, 0.99979428101213741, 0.99979428101213741, 0.99979428101213741, 0.99979428101213741, 0.99979428101213741, 0.99979428101213741, 1.0, 0.99979428101213741, 0.99958856202427482, 0.99958856202427482, 0.99917712404854964]
[0.82016460738554908, 0.88436214080072728, 0.91893004414475998, 0.92921810508264924, 0.94320987526771949, 0.94485596006299244, 0.95679011977749107, 0.95925925813094093, 0.96913580663900811, 0.96172838176719444, 0.97201646723374413, 0.97242799438076255, 0.96419752502637635, 0.97201647213947628, 0.97613169945807121, 0.97489713273421241, 0.97613169945807121, 0.97530865988123072, 0.97037037826859907, 0.97448560068146195, 0.97242799928649459, 0.97201646232801209, 0.97860084271725312, 0.97736626691778994, 0.97366256110462146, 0.97983540453537987, 0.96913581154474016, 0.97860084345311293, 0.97777778351748434, 0.97983540453537987, 0.97983539962964783, 0.97818931066450265, 0.98065844411222047, 0.98065844901795252, 0.98230453798309769, 0.98106997125923878, 0.97860083290578892, 0.97983539962964783, 0.9802469218709341, 0.98148148859479301, 0.98148149350052505, 0.98106997616497083, 0.98024692677666625, 0.97901236005280734, 0.97983540453537987, 0.982716065130116, 0.98106997125923878, 0.9790123551470753, 0.9814814984062572, 0.98065845392368456, 0.97901236005280734, 0.98106997125923878, 0.98106997125923878, 0.98106997616497083, 0.97818931066450265, 0.98024692677666625, 0.97818932047596685, 0.98189302064754347, 0.98230453381322536, 0.97777778351748434, 0.97530865006976653, 0.97983539962964783, 0.97818931066450265, 0.98189302064754347, 0.98230454288882973, 0.982716065130116, 0.98230454288882973, 0.98189302064754347, 0.982716065130116, 0.98312758737140227, 0.9802469218709341, 0.97736626618193012, 0.9814814984062572, 0.98230454288882973, 0.98189302064754347, 0.98230454288882973, 0.98230454288882973, 0.98312758737140227, 0.982716065130116, 0.98312758737140227, 0.98353910961268864, 0.98230453798309769, 0.982716065130116, 0.98395063185397491, 0.98353910961268864, 0.98312758737140227, 0.98189302064754347, 0.98312758737140227, 0.98189302064754347, 0.98353910961268864, 0.98353910961268864, 0.98312758737140227, 0.98230454288882973, 0.982716065130116, 0.98312758737140227, 0.98189302064754347, 0.98353910961268864, 0.97901235024134314, 0.9814814984062572, 0.9814814984062572]
