DENSE 300

Error: 1.94%
[0.94047499999999995, 0.96184999999999998, 0.97257499999999997, 0.98065000000000002, 0.98329999999999995, 0.98634999999999995, 0.99034999999999995, 0.99022500000000002, 0.99477499999999996, 0.995475, 0.99607500000000004, 0.99742500000000001, 0.99842500000000001, 0.99924999999999997, 0.99934999999999996, 0.99950000000000006, 0.99957499999999999, 0.99977499999999997, 0.99977499999999997, 0.99997499999999995, 1.0, 1.0, 1.0, 1.0, 1.0, 1.0, 1.0, 0.99985000000000002, 0.99439999999999995, 0.99885000000000002, 0.99997499999999995, 1.0, 1.0, 1.0, 1.0, 1.0, 1.0, 1.0, 1.0, 1.0, 1.0, 1.0, 1.0, 1.0, 1.0, 1.0, 1.0, 1.0, 1.0, 1.0, 1.0, 1.0, 1.0, 1.0, 1.0, 0.98497500000000004, 0.99932500000000002, 0.99987499999999996, 1.0, 1.0, 1.0, 1.0, 1.0, 1.0, 1.0, 1.0, 1.0, 1.0, 1.0, 1.0, 1.0, 1.0, 1.0, 1.0, 1.0, 1.0, 1.0, 1.0, 1.0, 1.0, 1.0, 1.0, 1.0, 1.0, 1.0, 1.0, 1.0, 1.0, 1.0, 1.0, 1.0, 1.0, 1.0, 1.0, 1.0, 1.0, 1.0, 1.0, 1.0, 1.0]
[0.93774999976158147, 0.9547499936819076, 0.96259999632835391, 0.96810000598430634, 0.96840000689029693, 0.97210000813007358, 0.97195000946521759, 0.97185000896453855, 0.97505001127719881, 0.97530001401901245, 0.97430001080036166, 0.97665001213550573, 0.97630001306533809, 0.97660001337528224, 0.97675001144409179, 0.9780000120401382, 0.97790001690387729, 0.97850001513957974, 0.97880001485347745, 0.97740001380443575, 0.97865001499652859, 0.97875001549720764, 0.97860001385211948, 0.97840001642704011, 0.97935001492500307, 0.97850001633167272, 0.97835001587867731, 0.97670001208782198, 0.9722500091791153, 0.97665001392364503, 0.97915001451969141, 0.97975001454353328, 0.9797000157833099, 0.98020001590251926, 0.98045001566410062, 0.98000001549720761, 0.98025001525878908, 0.9799500161409378, 0.97990001678466798, 0.97995001554489136, 0.97975001573562626, 0.97970001518726346, 0.98000001609325404, 0.97990001559257511, 0.97955001592636104, 0.97985001564025875, 0.97990001618862155, 0.97965001523494721, 0.9799500161409378, 0.97990001559257511, 0.98015001535415647, 0.97990001559257511, 0.98040001571178437, 0.9797000157833099, 0.98015001535415647, 0.96410000026226039, 0.97655001282691956, 0.97835001349449158, 0.97880001425743102, 0.97920001387596134, 0.97925001382827759, 0.97925001382827759, 0.97925001323223115, 0.97915001332759855, 0.97920001447200777, 0.97915001392364498, 0.97935001492500307, 0.97895001471042631, 0.97915001571178439, 0.97905001401901248, 0.97915001511573796, 0.97915001511573796, 0.97925001502037046, 0.97920001506805421, 0.9793500155210495, 0.97935001492500307, 0.97930001556873325, 0.97915001571178439, 0.97965001583099365, 0.97950001537799836, 0.97995001554489136, 0.97965001523494721, 0.97910001635551458, 0.97930001497268682, 0.97990001559257511, 0.97975001573562626, 0.97980001509189607, 0.97950001597404479, 0.98000001490116118, 0.97950001537799836, 0.97950001537799836, 0.97935001611709593, 0.97975001454353328, 0.97970001518726346, 0.98005001425743099, 0.97955001533031461, 0.97965001523494721, 0.97975001513957982, 0.97945001423358913, 0.97955001473426817]



DENSE 1000

Error: 1.75%
[0.954125, 0.97360000000000002, 0.98314999999999997, 0.98919999999999997, 0.99307500000000004, 0.99317500000000003, 0.99695, 0.99767499999999998, 0.99829999999999997, 0.99929999999999997, 0.99990000000000001, 0.99982499999999996, 0.99992499999999995, 0.99995000000000001, 1.0, 1.0, 1.0, 1.0, 0.99867499999999998, 1.0, 1.0, 1.0, 1.0, 1.0, 1.0, 1.0, 1.0, 1.0, 1.0, 1.0, 1.0, 1.0, 1.0, 1.0, 1.0, 1.0, 1.0, 1.0, 1.0, 1.0, 1.0, 1.0, 1.0, 1.0, 1.0, 1.0, 1.0, 1.0, 1.0, 1.0, 1.0, 1.0, 1.0, 1.0, 1.0, 1.0, 1.0, 1.0, 1.0, 1.0, 1.0, 1.0, 1.0, 1.0, 1.0, 1.0, 1.0, 1.0, 1.0, 1.0, 1.0, 1.0, 1.0, 1.0, 1.0, 1.0, 1.0, 1.0, 1.0, 1.0, 1.0, 1.0, 1.0, 1.0, 1.0, 1.0, 1.0, 1.0, 1.0, 1.0, 1.0, 1.0, 1.0, 1.0, 1.0, 1.0, 1.0, 1.0, 1.0, 1.0]
[0.94819999456405635, 0.96434999942779542, 0.96975000798702238, 0.97285001099109647, 0.97505001187324525, 0.97325000643730164, 0.97680001437664032, 0.97700001299381256, 0.97705001294612881, 0.9777000141143799, 0.97910001218318943, 0.97860001444816591, 0.97995001494884493, 0.97945001363754269, 0.98000001430511474, 0.98045001387596131, 0.97950001478195192, 0.98045001626014705, 0.97860001444816591, 0.9803500139713287, 0.98035001635551455, 0.98060001671314234, 0.98090001463890075, 0.9808500146865845, 0.98090001404285432, 0.98105001509189604, 0.9812000149488449, 0.98095001518726344, 0.9810000151395798, 0.98090001463890075, 0.98120001554489134, 0.98115001499652865, 0.98125001490116115, 0.98135001420974732, 0.980950014591217, 0.98125001490116115, 0.98120001435279847, 0.98125001430511472, 0.98110001564025884, 0.98155001461505886, 0.98095001399517057, 0.98160001456737522, 0.98140001475811001, 0.98145001471042637, 0.98100001454353336, 0.98125001490116115, 0.98160001456737522, 0.98160001456737522, 0.98165001451969147, 0.98160001456737522, 0.98135001480579376, 0.98135001480579376, 0.98170001447200772, 0.98150001466274261, 0.98145001471042637, 0.98155001461505886, 0.98165001511573791, 0.98150001466274261, 0.98180001378059389, 0.98170001447200772, 0.98200001418590543, 0.98185001432895658, 0.98165001451969147, 0.98170001447200772, 0.98150001406669618, 0.98190001487731937, 0.98150001466274261, 0.98180001437664033, 0.98155001461505886, 0.98170001447200772, 0.98155001461505886, 0.98170001447200772, 0.98140001475811001, 0.98180001497268676, 0.98160001456737522, 0.98160001516342166, 0.98200001418590543, 0.98200001478195187, 0.98155001461505886, 0.98185001432895658, 0.98170001447200772, 0.98195001482963562, 0.98180001437664033, 0.98190001368522639, 0.98185001492500301, 0.98160001456737522, 0.98190001487731937, 0.98165001451969147, 0.98170001506805415, 0.98200001478195187, 0.98190001487731937, 0.98195001482963562, 0.9818000155687332, 0.98205001533031466, 0.98170001447200772, 0.98230001509189602, 0.98190001547336581, 0.9820000153779983, 0.9820000153779983, 0.98190001487731937]



DENSE 300-100

Error: 1.95%
[0.94737499999999997, 0.97065000000000001, 0.97822500000000001, 0.98207500000000003, 0.98845000000000005, 0.99299999999999999, 0.99612500000000004, 0.99695, 0.99792499999999995, 0.99665000000000004, 0.99895, 0.998525, 0.99957499999999999, 0.99772499999999997, 0.99727500000000002, 0.99534999999999996, 0.99634999999999996, 0.99980000000000002, 0.99990000000000001, 1.0, 1.0, 1.0, 1.0, 1.0, 1.0, 1.0, 1.0, 1.0, 1.0, 1.0, 1.0, 1.0, 1.0, 1.0, 1.0, 1.0, 1.0, 1.0, 1.0, 1.0, 1.0, 1.0, 1.0, 1.0, 1.0, 1.0, 1.0, 1.0, 1.0, 1.0, 1.0, 1.0, 1.0, 1.0, 1.0, 1.0, 1.0, 1.0, 1.0, 1.0, 1.0, 1.0, 1.0, 1.0, 1.0, 1.0, 1.0, 1.0, 1.0, 1.0, 1.0, 1.0, 1.0, 1.0, 1.0, 1.0, 1.0, 1.0, 1.0, 1.0, 1.0, 1.0, 1.0, 1.0, 1.0, 1.0, 1.0, 1.0, 1.0, 1.0, 1.0, 1.0, 1.0, 1.0, 1.0, 1.0, 1.0, 1.0, 1.0, 1.0]
[0.94359999656677251, 0.96209999382495881, 0.96469999670982365, 0.96755000233650212, 0.9713000082969665, 0.97355000793933866, 0.97760001182556155, 0.97575001060962674, 0.97730001091957097, 0.97495001077651977, 0.97675001204013823, 0.97700001299381256, 0.97775001168251041, 0.97430000662803651, 0.97360001027584075, 0.97080000638961794, 0.97310000896453852, 0.97790001273155214, 0.97820001423358915, 0.97970001399517059, 0.97960001409053798, 0.97985001385211945, 0.98005001366138456, 0.98010001420974735, 0.97990001440048213, 0.98005001425743099, 0.97985001504421232, 0.98000001430511474, 0.97985001444816588, 0.98010001480579378, 0.98020001411437985, 0.98010001480579378, 0.97990001440048213, 0.98025001525878908, 0.98005001425743099, 0.98010001420974735, 0.98015001535415647, 0.98025001406669621, 0.98005001425743099, 0.98050001502037043, 0.98000001370906831, 0.98010001420974735, 0.98015001475811003, 0.98035001337528227, 0.98060001373291017, 0.98060001373291017, 0.98050001323223113, 0.9801500141620636, 0.98015001356601716, 0.98030001401901246, 0.98040001392364506, 0.98060001373291017, 0.98030001342296602, 0.98055001318454738, 0.98055001378059392, 0.98030001282691959, 0.98025001406669621, 0.98035001337528227, 0.98015001356601716, 0.98040001332759852, 0.98025001287460323, 0.98045001327991488, 0.98010001242160794, 0.98025001287460323, 0.98035001337528227, 0.98025001287460323, 0.98035001337528227, 0.9799000120162964, 0.98010001242160794, 0.98025001227855679, 0.98020001351833341, 0.98020001232624054, 0.97995001256465908, 0.98020001351833341, 0.98005001246929169, 0.980000011920929, 0.98025001347064977, 0.9801500123739243, 0.98000001251697544, 0.97995001256465908, 0.98025001168251036, 0.98005001246929169, 0.98010001242160794, 0.98020001232624054, 0.980000011920929, 0.97985001266002658, 0.98005001246929169, 0.9801500123739243, 0.98005001246929169, 0.98000001251697544, 0.9801500123739243, 0.98010001242160794, 0.97985001266002658, 0.97985001325607302, 0.98005001246929169, 0.98005001246929169, 0.98005001187324525, 0.97995001196861264, 0.98025001227855679, 0.97990001261234283]



LENET1

Error: 1.37%
[0.91415000000000002, 0.94810000000000005, 0.96194999999999997, 0.97007500000000002, 0.97265000000000001, 0.97262499999999996, 0.97699999999999998, 0.97789999999999999, 0.979325, 0.98104999999999998, 0.98392500000000005, 0.98334999999999995, 0.98087500000000005, 0.98545000000000005, 0.98712500000000003, 0.98612500000000003, 0.98562499999999997, 0.98740000000000006, 0.98457499999999998, 0.98980000000000001, 0.98934999999999995, 0.99047499999999999, 0.98897500000000005, 0.98917500000000003, 0.99137500000000001, 0.99117500000000003, 0.99165000000000003, 0.98975000000000002, 0.99099999999999999, 0.99257499999999999, 0.992475, 0.99327500000000002, 0.99350000000000005, 0.99199999999999999, 0.99085000000000001, 0.99212500000000003, 0.99199999999999999, 0.99285000000000001, 0.99285000000000001, 0.99375000000000002, 0.995425, 0.99267499999999997, 0.99462499999999998, 0.99424999999999997, 0.99470000000000003, 0.99492499999999995, 0.995425, 0.99622500000000003, 0.99212500000000003, 0.99529999999999996, 0.99572499999999997, 0.99397500000000005, 0.99387499999999995, 0.99544999999999995, 0.99662499999999998, 0.99604999999999999, 0.99642500000000001, 0.99742500000000001, 0.99717500000000003, 0.99757499999999999, 0.99714999999999998, 0.99787499999999996, 0.99665000000000004, 0.99744999999999995, 0.99622500000000003, 0.99565000000000003, 0.99675000000000002, 0.996475, 0.99644999999999995, 0.99785000000000001, 0.99777499999999997, 0.99722500000000003, 0.99682499999999996, 0.99832500000000002, 0.99434999999999996, 0.99470000000000003, 0.99862499999999998, 0.99855000000000005, 0.99765000000000004, 0.99860000000000004, 0.99627500000000002, 0.99867499999999998, 0.99762499999999998, 0.99792499999999995, 0.99352499999999999, 0.99537500000000001, 0.99842500000000001, 0.99962499999999999, 0.99912500000000004, 0.999, 0.99934999999999996, 0.99914999999999998, 0.99642500000000001, 0.99775000000000003, 0.99619999999999997, 0.99817500000000003, 0.99750000000000005, 0.99907500000000005, 0.99937500000000001, 0.99950000000000006]
[0.91390000343322753, 0.94814999699592595, 0.96184999644756319, 0.96850000321865082, 0.97110000669956209, 0.97075000405311584, 0.97415000855922695, 0.97530001044273373, 0.97810001075267794, 0.9784500104188919, 0.98100001215934751, 0.9793000131845474, 0.97735000967979435, 0.98075001060962674, 0.98300001084804534, 0.9822500139474869, 0.98070001304149623, 0.98270001411437991, 0.97910001039505001, 0.98425001382827759, 0.98355001389980312, 0.98480001389980321, 0.98370001316070554, 0.98420001208782193, 0.98420001208782193, 0.98420001208782193, 0.98405001282691951, 0.98265001416206355, 0.98485001266002659, 0.98500001192092901, 0.98555001139640808, 0.98560001194477076, 0.98525001287460323, 0.98385001182556153, 0.98250001311302182, 0.98485001325607302, 0.9838500130176544, 0.98485001325607302, 0.98430001199245454, 0.98500001370906831, 0.98610001206398012, 0.98400001287460326, 0.98565001189708712, 0.98495001196861265, 0.98540001153945922, 0.98640001177787784, 0.98445001184940339, 0.98605001270771031, 0.98400001168251039, 0.98510001242160794, 0.98490001261234283, 0.98355001330375669, 0.9837500131130219, 0.98350001096725459, 0.98605001151561733, 0.98525001287460323, 0.9855000126361847, 0.98550001323223113, 0.98535001218318941, 0.98495001196861265, 0.98560001134872433, 0.98600001156330108, 0.98500001192092901, 0.98620001137256619, 0.98425001263618472, 0.98465001285076137, 0.98565001368522642, 0.98525001108646393, 0.98485001146793361, 0.98625001132488255, 0.98520001113414768, 0.98515001356601717, 0.98445001065731053, 0.98575001239776616, 0.98370001256465911, 0.98370001316070554, 0.98610001206398012, 0.9861500108242035, 0.98525001168251036, 0.98545001208782201, 0.98430001199245454, 0.98580001115798954, 0.98550001084804539, 0.98455001294612887, 0.98180001318454746, 0.98370001256465911, 0.98575001239776616, 0.9865500116348267, 0.98555001080036164, 0.98565001189708712, 0.98655001103878026, 0.98575001120567318, 0.984100011587143, 0.98500001132488246, 0.98370001256465911, 0.98505001187324526, 0.98435001194477079, 0.98560001254081731, 0.98560001194477076, 0.98650001049041747]



LENET 5

Error: 0.83%
[0.947075, 0.96857499999999996, 0.97872499999999996, 0.97947499999999998, 0.986425, 0.98834999999999995, 0.98912500000000003, 0.98757499999999998, 0.98962499999999998, 0.99165000000000003, 0.99399999999999999, 0.99395, 0.99455000000000005, 0.99624999999999997, 0.99192499999999995, 0.99760000000000004, 0.99560000000000004, 0.99792499999999995, 0.997475, 0.99744999999999995, 0.99380000000000002, 0.99790000000000001, 0.99562499999999998, 0.99890000000000001, 0.99777499999999997, 0.99850000000000005, 0.99772499999999997, 0.99924999999999997, 0.99934999999999996, 0.99832500000000002, 0.99924999999999997, 0.99950000000000006, 0.99924999999999997, 0.99882499999999996, 0.99714999999999998, 0.99757499999999999, 0.99977499999999997, 0.99742500000000001, 0.99785000000000001, 0.99602500000000005, 0.99927500000000002, 0.99892499999999995, 0.99644999999999995, 0.99652499999999999, 0.99890000000000001, 0.99955000000000005, 0.99995000000000001, 0.99992499999999995, 0.99985000000000002, 0.99987499999999996, 0.99909999999999999, 0.99907500000000005, 0.99944999999999995, 0.99955000000000005, 0.99912500000000004, 0.99972499999999997, 0.99527500000000002, 0.99962499999999999, 0.99919999999999998, 0.99982499999999996, 0.999475, 0.99977499999999997, 0.99997499999999995, 0.99997499999999995, 0.99997499999999995, 0.99997499999999995, 0.99997499999999995, 0.99997499999999995, 0.99997499999999995, 0.99997499999999995, 0.99997499999999995, 0.99997499999999995, 0.99997499999999995, 0.99997499999999995, 0.99997499999999995, 0.99997499999999995, 0.99997499999999995, 0.99997499999999995, 0.99997499999999995, 0.99997499999999995, 0.99997499999999995, 0.99997499999999995, 0.99997499999999995, 0.99997499999999995, 0.99997499999999995, 0.99997499999999995, 0.99997499999999995, 0.99997499999999995, 0.99997499999999995, 0.99997499999999995, 0.99997499999999995, 0.99997499999999995, 0.99997499999999995, 0.99997499999999995, 0.99997499999999995, 0.99997499999999995, 0.99997499999999995, 0.99997499999999995, 0.99997499999999995, 0.99997499999999995]
[0.94894999623298648, 0.96519999921321864, 0.97550001323223112, 0.97610001146793368, 0.98195001423358919, 0.98365001261234286, 0.98305001497268674, 0.98305001497268674, 0.98400001406669613, 0.98480001330375666, 0.98650001227855677, 0.98595001220703127, 0.9857500129938126, 0.98760001182556156, 0.98250001549720767, 0.98805001139640813, 0.98545001268386845, 0.98865001082420345, 0.98830001115798949, 0.98735001146793366, 0.9836500132083893, 0.98715001106262212, 0.98480001449584964, 0.98850001096725459, 0.98645001173019409, 0.98805001139640813, 0.98885001063346867, 0.98950001001358034, 0.9884000110626221, 0.98795001149177553, 0.98795001089572909, 0.98925001025199888, 0.9884000110626221, 0.98880001068115231, 0.98705001235008238, 0.98610001266002656, 0.98945001006126398, 0.98575001060962675, 0.98645001292228696, 0.98555001258850095, 0.98925001025199888, 0.98820001006126401, 0.98615001320838924, 0.98560001313686374, 0.98785001158714292, 0.98925000965595244, 0.99060000896453859, 0.99000000953674316, 0.99030000925064088, 0.98945001006126398, 0.98795001149177553, 0.9884000110626221, 0.98910001039505002, 0.98825001120567324, 0.98855001091957095, 0.98940001010894774, 0.98380001366138459, 0.98950000941753391, 0.98915001034736638, 0.98995000958442692, 0.98865001082420345, 0.98945001006126398, 0.99085000872611995, 0.99070000886917109, 0.9910000085830688, 0.99095000863075255, 0.99090000867843631, 0.9910000085830688, 0.99095000863075255, 0.99095000863075255, 0.99090000867843631, 0.99090000867843631, 0.99105000853538516, 0.99110000848770141, 0.99105000853538516, 0.99110000848770141, 0.99105000853538516, 0.99110000848770141, 0.9910000085830688, 0.9910000085830688, 0.99110000848770141, 0.9910000085830688, 0.99110000848770141, 0.99095000863075255, 0.9910000085830688, 0.99105000853538516, 0.99125000834465027, 0.99105000853538516, 0.99120000839233402, 0.9910000085830688, 0.99120000839233402, 0.99120000839233402, 0.99115000844001766, 0.99115000844001766, 0.99120000839233402, 0.99115000844001766, 0.99120000839233402, 0.99120000839233402, 0.99125000834465027, 0.99115000844001766]
